-1.703563 -2.538788 -0.420116
0.755780 -14.311808 -3.649587
6.499461 -8.707508 -3.154130
2.960140 -5.811180 -4.187736
-5.398346 4.843735 -0.119008
-1.340273 6.191282 -3.436442
-3.223205 -2.633895 2.679085
-9.111075 -9.857705 -7.586302
5.182321 -3.251706 -9.632412
3.692148 -1.062297 -0.733992
4.721406 2.397455 0.553326
-1.966780 5.116057 -7.720059
5.242540 1.215990 8.439004
-2.286868 -0.408287 -14.650063
-3.724289 -3.054194 4.558569
-1.252208 0.583743 7.570336
3.319438 0.777924 2.151225
10.159598 -8.999396 5.040844
-0.284773 -7.310662 0.758013
-1.017877 7.215946 1.471153
-5.370174 -8.324157 7.319992
-0.494934 1.140095 2.294886
-2.018121 14.727495 -6.828241
3.461643 0.760385 -3.717303
-3.270751 5.545785 11.529537
-4.404562 -5.164170 2.981226
6.426554 2.046252 -5.965993
5.412269 -6.617420 5.222022
-2.754109 -7.592480 3.937693
6.163769 1.885006 -4.844706
8.992476 2.812384 5.417339
-1.317205 4.543489 -2.003246
10.319791 -5.078421 4.652700
6.405297 0.800911 -0.504941
-0.972963 -1.303204 -9.209276
-7.814038 0.456439 0.604614
1.415629 5.223855 -4.643302
7.016257 2.017143 -0.404410
-3.636632 6.546265 -2.480835
3.508007 6.022147 7.684013
7.234775 10.829186 -8.395766
-11.095659 13.996499 5.736416
-0.124363 3.595406 -2.975404
-4.319162 -0.286240 6.046377
-4.733394 -3.695005 -0.117700
0.702122 -5.260448 -1.698202
0.739892 -6.568341 0.584503
6.962154 8.711118 2.668349
-3.487146 -3.467005 3.534942
-3.023760 5.137299 -4.772575
1.970103 -8.199580 7.207494
1.141347 0.963825 5.711405
0.675897 4.051370 3.275846
-9.780470 6.987090 5.486865
2.255595 -1.771286 5.874088
-1.216362 6.076272 3.712785
-1.630584 -0.799294 -5.533120
0.252074 0.648496 10.724740
-7.945450 0.753249 9.368326
-0.080554 -4.642439 4.191457
-3.655498 -0.143329 1.031825
-13.227903 -0.160489 9.086921
0.865604 1.021588 -1.294503
1.820805 -1.694148 -4.022308
1.493197 -2.307858 -3.822794
2.443958 10.085591 7.709607
0.871268 1.270359 -6.326294
-4.324909 4.525313 0.522697
-4.128841 3.932543 -1.004696
-13.142870 -0.568880 -5.841098
5.029852 0.784673 2.910298
8.384665 3.025560 1.494995
-8.583560 -3.006164 3.639124
12.413972 -7.387034 -4.455643
2.542162 1.910660 -2.899192
-5.540908 3.538233 -3.077779
4.543460 8.690996 -11.527643
3.115787 -3.142450 3.423024
7.992604 14.470863 -3.952850
5.907656 5.883505 0.326827
-0.439429 3.160320 1.898660
0.290875 9.943179 -2.713339
-1.559126 8.795159 3.150786
2.257036 -4.418173 -6.327585
8.629453 0.278306 4.648460
3.899382 -0.552197 5.111456
-7.521155 2.456246 2.590431
-10.519267 -0.882176 0.708054
4.645698 -11.078673 -7.482686
1.958704 7.764809 4.982329
-2.767638 -5.069944 -4.314412
-1.205162 3.004980 -5.194164
-13.866673 11.215033 -5.205444
-5.444609 1.564071 6.433675
-2.501228 10.665233 -1.433734
-2.890875 -1.809033 0.957315
-3.866955 -1.978497 1.059059
-12.273702 -5.912401 -9.006256
0.528715 -4.957834 -7.432460
-2.107089 -4.258283 0.557441
3.681262 8.183482 -8.775260
-2.516227 7.068947 1.061160
-4.171044 4.710437 2.899700
2.429762 0.358803 -6.872209
-6.619022 2.914464 -3.871747
-0.406954 -2.437116 1.511762
5.550224 3.277448 7.109545
-1.222163 3.754834 -1.258176
