864
4.049969 5.040637 10.122220
4.755929 8.160710 1.763256
5.339623 6.651203 0.414972
0.772361 5.263185 5.493449
3.898795 1.384342 6.306450
5.844426 8.877795 1.201663
3.010611 0.140080 7.293994
8.363111 0.493056 6.668238
4.714279 9.589116 7.812665
0.708975 8.115174 4.520044
7.115429 5.584921 9.441811
4.861181 4.515948 1.489639
7.526154 7.251686 9.567231
9.859679 9.708287 0.658055
5.299139 4.764474 7.342432
5.367003 2.954432 4.111251
2.179553 2.620931 2.592006
4.943014 5.369624 7.761637
3.486890 6.597627 4.041982
0.143487 7.208247 1.677126
3.639387 9.381707 0.293852
5.740190 9.605762 9.658499
7.379834 5.105409 6.693658
0.903471 7.742517 7.336549
9.867466 4.864684 9.824366
4.280146 8.791934 0.300797
4.508368 7.380072 8.912362
1.604730 8.703604 1.447006
3.980431 8.840594 4.625609
0.232519 0.210912 1.118862
8.871997 8.615532 4.502245
0.065700 2.231549 9.324346
7.355822 5.113075 3.768204
4.175103 1.286126 5.544065
2.786941 5.732777 0.707580
5.259183 1.045134 3.351951
2.058754 9.073973 9.220100
6.309295 8.294186 0.651920
4.336045 5.705877 8.722974
5.609152 7.612454 2.539030
1.271816 8.252468 9.591284
5.767280 4.873157 0.064464
1.739481 2.456160 0.532953
9.234672 8.660405 3.619153
7.004433 7.872611 4.072217
2.001720 8.536212 6.378037
10.058238 10.193542 4.321508
9.781964 8.878579 4.609969
6.741966 7.006451 1.772150
6.206932 8.066588 2.395783
0.264184 3.074123 6.636240
8.708342 9.942131 10.149674
0.898695 0.651592 9.440109
0.926395 3.728434 4.090402
9.150597 2.468690 4.296378
3.923687 0.690241 6.866933
8.943530 2.258815 5.302243
3.081254 9.305656 7.589977
8.804487 7.409755 8.471731
7.235912 0.134206 8.654104
5.586631 6.754504 7.649288
1.057067 2.687369 4.553348
3.053584 2.302994 3.904925
3.732446 7.119076 8.075025
8.544012 4.472966 9.092523
5.339651 3.650934 9.398458
2.278852 4.054073 6.580818
4.183920 4.677608 7.111047
0.310356 5.686666 9.368964
1.442559 5.991706 6.688707
9.812296 7.269239 3.337058
6.661537 4.171382 4.557813
2.000216 2.035742 4.004474
2.597633 0.977425 1.709455
5.271333 10.096765 2.575029
0.721056 0.529652 2.325015
2.083082 2.843957 5.046655
6.182557 8.812319 1.957317
3.342935 1.481046 8.307265
3.796450 7.591483 2.540538
0.876012 10.032686 6.085585
1.504493 1.399189 7.207632
8.529653 6.078418 2.797824
3.511404 9.775940 4.700651
1.401099 9.389381 0.526375
6.088752 4.986087 4.125586
9.744424 4.835151 8.614002
5.196639 1.389851 5.886367
2.195491 4.972001 6.571555
5.254251 1.894140 3.155493
4.253253 3.391426 3.560994
2.102401 3.722649 0.329226
2.880811 1.304157 4.218914
6.633013 8.213192 9.736494
6.113528 4.666090 1.431148
3.914301 8.170696 1.438473
2.860726 8.213173 4.161963
3.926006 1.657803 0.869261
6.474162 6.896860 7.359446
9.016787 5.520886 5.486941
7.626474 4.392378 9.059914
0.697306 5.167847 8.242053
1.189669 3.740381 0.080232
9.539415 2.700942 9.027282
0.572531 8.949730 3.901275
3.227068 8.458029 10.078885
0.101255 9.526672 4.652438
1.643243 5.122797 4.088176
4.890335 2.273410 6.131354
0.878032 8.414074 2.755414
9.883374 3.887745 8.051800
2.685813 2.808114 7.394159
9.576021 6.727149 9.726589
5.517408 8.297088 2.177205
6.315007 0.471499 9.042925
2.898454 5.540439 4.437282
3.062717 8.892224 8.971729
2.039638 2.696898 5.979499
2.832324 7.637238 8.366829
0.359989 9.688157 3.270559
9.457320 2.531798 6.178052
9.729962 6.732398 6.074819
6.235394 3.566963 8.616909
0.428091 4.509978 5.866955
9.446922 7.948704 7.213231
7.697538 3.920998 5.198151
8.229584 7.577552 10.101612
2.985188 3.489331 1.038254
9.384145 4.088207 1.942768
2.922775 5.372706 2.742566
5.261066 6.328366 9.586519
7.693497 4.155109 8.319320
9.006301 3.442594 1.691222
1.589737 2.304129 2.053973
0.029202 3.873116 5.234278
7.254614 3.260501 5.083274
8.344917 6.828607 1.838669
2.471412 6.011935 2.878356
3.391824 0.175961 9.697630
3.743028 7.929550 7.976856
5.190747 2.091231 8.231031
0.042669 0.275519 8.743518
1.985987 1.301271 4.914260
8.145012 6.480155 5.735691
2.999614 8.587029 3.281727
9.550250 1.308414 6.260184
1.055074 4.313833 6.315777
4.957481 1.174239 2.356052
8.981642 1.603128 0.415066
4.190072 7.459982 7.104712
7.197134 5.207688 2.423218
7.029734 8.322197 6.966692
0.530407 8.772325 7.326389
3.835625 5.829888 6.329725
7.160282 6.483885 10.077713
1.569135 7.801946 0.759447
2.839930 2.095813 2.638147
4.279460 7.368745 0.809430
7.111995 6.584317 7.948466
5.063657 4.358135 7.943040
1.207848 2.715710 6.749004
7.290575 4.172943 2.799612
8.733851 5.546866 8.888186
2.689712 5.502610 8.502685
3.410315 4.540913 4.913258
8.456333 5.488777 0.519928
3.996788 0.467200 8.194166
2.237050 3.617939 8.052165
1.148397 6.227548 9.427761
4.858978 0.753962 6.238832
4.371228 9.698161 0.944166
4.110073 8.321025 8.712431
4.329996 2.970016 4.341646
2.606268 1.137094 6.049168
6.086319 2.120358 5.355367
6.037008 2.607041 6.356449
2.454751 4.056111 9.080439
3.679551 6.345728 1.168220
2.589445 7.704104 5.783060
4.251673 2.517237 7.907812
5.122854 8.148627 3.542274
2.663993 9.805989 9.314879
0.314253 2.930892 5.197751
9.233395 3.795247 9.058657
2.221196 8.572009 7.481097
9.549544 0.528040 0.877413
8.679676 5.203498 4.001094
4.542189 0.777615 9.939180
0.518352 3.251249 0.627230
7.899485 1.843541 2.689490
8.606671 6.713032 7.868988
9.823030 1.444664 8.010296
4.054026 8.777598 3.791780
9.390228 9.391530 1.515051
3.219642 1.179781 9.172737
8.624061 4.953043 2.370009
6.883740 1.362247 3.611420
5.413647 8.341448 8.780338
0.255753 9.045865 0.745155
3.614851 2.154263 6.012753
1.655816 2.240132 4.871244
1.088180 4.820060 2.832801
8.016329 9.621656 4.920493
5.437436 2.663129 0.159475
0.530443 7.520593 8.377071
2.121634 2.505807 6.965552
3.106524 0.093000 5.947983
8.333457 3.606607 4.910520
4.727960 3.119889 2.859998
4.100436 6.135136 4.689207
6.520303 3.643528 7.796214
8.850895 7.218001 4.671097
3.491928 2.771103 0.574969
3.497767 4.035599 3.746491
5.624562 0.566026 9.955641
3.624601 4.890016 9.105493
2.903615 3.131682 4.489552
5.228472 3.924255 8.715393
2.716814 1.784880 10.149780
1.619335 4.111213 8.853268
6.759257 9.622819 0.490988
6.893581 4.242751 9.516526
8.942625 8.317485 2.176471
0.972405 2.114882 0.448068
6.549165 1.360790 2.051776
4.623169 1.899907 8.994774
0.097703 10.052798 6.521409
6.573378 2.054852 6.935341
8.908475 0.353141 6.069460
5.291533 6.245310 6.995965
9.398875 8.301890 6.545399
6.477149 4.826143 5.131276
6.529788 6.182587 6.659008
5.749193 10.023471 4.533519
10.111232 3.485567 2.098618
2.864998 6.914744 3.171460
1.159372 6.723808 7.793051
1.140921 5.016705 1.699182
9.272377 8.513139 7.780634
5.464794 2.981985 8.012452
6.065070 2.182892 2.089692
3.511487 7.772741 6.367626
7.422056 10.033724 1.228946
4.180818 5.146947 4.236243
3.995429 5.407692 2.799703
2.398752 9.075023 8.157438
0.936862 8.921112 6.306041
1.688211 1.047672 5.849814
7.672598 5.687131 10.093686
6.671427 6.913500 2.535589
7.794277 7.661886 2.690882
2.820050 9.360587 6.543358
3.136915 0.401680 5.141449
4.463875 6.080548 5.679902
3.106585 3.189540 2.087226
1.349410 3.965897 0.833143
8.082242 7.707450 8.469632
7.081538 0.186537 7.136384
1.558001 8.238535 3.904434
0.903274 3.455620 2.428910
6.934621 1.497447 2.867161
8.736203 0.617445 8.182383
6.221700 4.283363 3.426477
0.282074 8.674586 4.693385
8.022554 7.319679 6.263555
2.869995 9.284791 4.214948
5.736141 5.807865 0.136515
5.841820 4.064908 7.533507
5.646768 1.802934 9.846338
4.058895 4.847037 0.834126
9.911573 2.671625 4.757013
9.962872 8.746997 1.885879
7.193958 8.061538 1.157906
4.690616 6.226500 7.782132
2.623162 10.171477 8.096461
3.710040 2.294205 9.910872
2.705605 6.890075 4.578013
0.614020 1.908760 6.562167
8.708120 3.647482 9.927530
6.747521 9.535941 7.507005
4.300445 7.990504 5.557343
7.018418 5.719621 7.553569
8.949367 0.067259 2.421502
7.607736 7.471517 1.936323
1.293210 5.393896 8.728262
9.771778 7.266560 8.038938
4.196307 2.705697 2.262979
2.360335 4.757595 4.994376
7.878898 5.958929 7.987374
1.230462 3.339253 4.913460
4.300476 0.698729 1.143140
8.157056 3.776901 1.791901
6.717070 0.358834 3.674185
5.365218 0.567892 4.986639
3.403445 1.002238 10.146597
1.769976 0.771240 9.429035
4.813388 8.100014 9.360100
8.243818 8.445825 9.216055
3.308433 7.381773 5.350380
8.239679 2.480379 9.907389
3.472238 3.239889 3.645797
9.589633 7.806198 0.416503
4.049888 2.968765 6.605551
3.970436 2.019009 2.550315
9.395158 5.660774 0.121793
4.981204 6.674993 1.187621
7.959291 1.856145 1.470986
6.144110 7.285625 5.479727
5.854387 7.008174 8.324519
8.196220 3.282199 0.593658
3.440690 2.394080 7.729225
7.343153 3.419278 3.557472
1.533419 6.886946 3.176715
2.422268 8.636471 1.335784
9.594589 7.056484 1.218932
5.936133 3.246849 2.628217
2.797964 6.243062 8.167168
3.745343 3.189557 9.378585
6.276221 5.877624 4.570868
1.418438 7.532036 8.955988
5.688065 8.989158 5.172242
9.061499 1.063643 2.568611
7.269860 6.802808 5.699370
1.875499 0.374553 1.017486
2.019335 8.232812 10.123642
7.444383 5.931974 7.007279
5.561978 1.108903 0.461380
1.830399 5.423389 7.797316
3.948205 6.640380 8.697965
7.858746 4.993187 8.194277
5.265103 7.344705 8.983491
8.359999 0.387410 5.362700
0.702007 8.268237 8.447203
1.778840 7.922275 8.334328
8.271153 1.412986 7.101456
9.804765 3.880930 7.233292
10.131846 0.948183 9.094718
0.528964 7.262921 4.746680
4.573326 9.926676 9.012998
10.051170 2.724541 0.515292
5.550047 4.431661 4.115889
5.894797 4.763833 8.644053
1.034264 0.833214 5.221452
2.886400 3.995134 4.774668
8.007753 8.851819 10.058372
3.894484 6.857992 6.109090
5.001800 5.762286 4.625397
3.854265 9.479847 3.517970
10.007094 0.568495 2.352650
9.421273 5.217289 0.849918
4.061602 2.715997 8.780126
1.167682 2.862558 3.768560
1.954190 9.550178 3.636905
4.428734 6.630377 3.625766
6.943923 5.166461 8.180703
6.037815 1.427736 7.369940
6.047651 0.858807 1.089503
3.111114 7.785534 1.833272
3.084513 6.389841 6.312781
5.953155 9.042571 6.149641
4.196405 4.925929 3.480338
3.145375 2.358814 4.873258
8.474992 4.677681 0.796316
7.312999 3.830247 7.558444
1.556274 9.761593 6.505496
8.402744 4.605215 1.553875
7.143478 8.243660 2.823776
0.717446 7.375782 3.538850
3.089375 5.752066 9.779176
9.914248 5.282580 4.821415
4.313897 8.766226 5.801693
9.023617 8.960606 0.829937
2.612522 4.622803 0.897018
0.543775 4.104927 3.008595
1.279833 9.760000 1.317657
9.454852 2.837245 2.212678
5.682123 8.576136 7.615590
3.234828 8.795887 6.769551
3.996172 9.260658 7.605052
2.626781 6.600630 7.224135
3.448723 6.290773 7.310309
5.742463 6.668156 2.735547
1.221844 1.170870 4.437856
3.448093 6.194962 3.122693
9.254561 4.503509 3.519834
6.206265 5.828966 0.859875
1.666780 0.568694 7.308189
9.150975 4.422807 1.030361
2.945698 9.853681 0.258149
9.201494 1.329701 8.555447
8.654724 7.959962 6.047156
9.493856 3.337128 3.820147
8.486477 0.973514 4.932401
0.993145 4.217762 5.274064
1.438125 9.751947 4.989867
6.168328 3.214343 0.162091
6.281611 10.064638 1.057736
7.606863 4.659974 3.193477
1.982080 6.672334 5.016272
2.016829 9.894585 7.461351
6.839503 6.007568 1.857856
8.337837 7.633673 3.436887
9.248549 3.250391 0.490250
6.670054 3.438855 4.228436
7.841263 8.108931 4.690110
9.611178 6.269756 3.350829
6.823006 8.840211 1.453439
10.178572 6.125797 0.219814
5.772933 5.508353 9.215258
8.994295 1.021544 1.263659
5.301028 1.600060 5.063956
6.948098 4.913100 9.902912
4.413495 4.092226 3.869218
3.073569 0.213354 1.452726
7.917232 1.356290 8.359910
5.081452 8.398545 4.895338
8.963434 0.614641 9.145030
0.005697 0.624283 0.438111
2.869314 3.188111 6.509554
5.946878 7.666385 9.966354
1.082703 8.773670 0.838955
4.092507 8.216344 3.024267
8.065953 2.967671 7.226752
4.018249 4.309923 3.082061
0.339733 5.596845 0.768589
1.562063 7.217315 4.712740
2.526786 4.611666 2.384279
5.460825 0.929671 6.828029
1.605732 5.214262 9.473312
2.058123 6.886199 8.711946
5.409225 2.974628 7.232934
7.509421 0.367818 5.986355
8.509325 4.837757 5.929584
5.884594 9.096391 0.269089
9.398537 5.525571 9.497085
8.466205 0.808991 1.991476
7.789492 7.044801 3.464190
2.279587 9.038199 1.914625
9.504450 3.907638 4.865340
4.384799 6.847196 2.180511
1.619305 3.900900 2.429223
1.737153 1.654556 2.585316
5.213303 9.824445 3.520419
4.544263 3.416635 1.445179
1.731450 0.358944 4.519390
0.187636 7.401856 7.075524
0.215469 7.964916 6.512897
6.834331 1.524676 5.777921
5.694206 0.877640 2.073057
3.589235 8.388030 0.641289
5.585819 4.564520 6.664703
8.484441 2.121498 7.929291
6.433218 8.483195 7.688931
10.199566 6.971430 8.992133
0.980410 4.277635 8.370305
4.316463 3.054990 0.420658
6.704479 1.489381 8.409496
9.091647 10.099354 1.239425
8.133164 2.462059 5.419931
9.172135 9.794097 3.758450
9.626794 3.449540 9.947503
6.986335 5.754554 3.493591
4.400817 9.181438 6.542188
6.862208 2.386950 0.068201
6.796458 4.394867 8.743299
0.052108 8.308697 3.650232
1.956894 5.900996 1.540007
4.949761 3.056857 5.002627
6.330831 1.527092 0.404619
2.310662 3.761339 1.138720
0.687794 1.189649 0.349114
5.049226 6.981803 2.837800
6.872492 8.742318 8.749410
4.364114 2.110099 4.643655
7.203285 3.693442 1.713658
1.385744 5.051145 5.101031
4.943668 10.170908 1.866845
4.670850 1.529776 9.634990
1.635193 1.961312 6.158118
0.494491 5.308633 2.115944
9.695804 7.133314 4.918872
8.039114 0.445637 0.252692
6.805676 9.769339 3.203467
1.469265 2.181284 7.972912
0.268521 6.284135 8.473657
7.083448 3.306776 2.677945
5.336829 3.545449 3.069642
8.945588 1.817906 3.211345
9.661705 9.697066 9.520221
7.824154 0.088482 7.651355
1.129969 1.838383 4.058640
1.712190 3.247650 9.622222
4.872270 9.116415 10.129994
9.300756 1.232158 4.655165
5.472998 7.376431 3.722443
1.641617 7.149882 2.250583
9.045219 5.423798 6.536218
7.905197 3.871233 0.015773
10.111312 1.501483 2.914693
0.151822 7.896942 7.679432
9.877933 2.702231 8.168743
8.794944 6.440116 4.815313
4.814101 5.227962 6.081585
7.439253 6.320159 2.957841
9.836936 0.079594 10.047065
4.037244 1.749944 3.510898
1.875819 1.411168 0.447696
0.188575 2.702490 7.298565
0.818234 6.241994 1.964681
6.827599 4.007270 5.350596
1.912615 10.080358 9.650918
4.787523 0.180589 7.079648
5.972956 6.699997 6.391421
5.474272 3.913972 10.138004
0.552937 4.024892 9.830713
8.280558 6.222756 0.589539
4.283513 0.945149 2.023124
8.808880 4.472250 6.630794
0.982520 9.924598 2.347153
2.092512 8.688382 2.608008
3.855785 7.024966 3.029830
5.985383 3.909866 5.923097
1.242422 7.074396 9.768583
1.294857 3.053040 1.107064
7.322509 0.148661 4.203033
4.996211 6.533079 4.249286
4.839217 4.094096 0.328960
8.909565 10.031782 7.382613
6.781768 8.747888 5.972346
3.185809 4.636419 6.623795
6.730238 4.113222 0.232965
9.151522 8.849598 8.648933
6.875200 5.077972 1.502154
1.689869 1.276129 1.352920
0.732154 1.168802 6.097556
8.302660 1.651138 5.426082
1.200752 5.990092 3.607658
1.311965 0.113114 8.585853
0.637590 9.092444 2.545125
5.693795 3.279227 4.756051
9.396494 6.023631 6.108156
6.823482 4.361780 6.276582
2.240256 10.143785 2.707331
4.451299 1.401799 6.948534
8.416006 10.029715 3.501184
9.942583 8.567840 8.925525
4.381062 1.103834 2.900556
2.354025 0.142265 1.909611
6.576680 9.612877 4.496977
8.000461 1.633081 4.658245
3.245424 8.474797 5.137640
1.659430 4.963911 2.399195
3.280402 1.363467 5.465558
2.343840 3.619570 2.008455
0.345029 6.251103 5.204567
3.737253 2.349820 1.357399
5.972444 2.499993 3.513530
6.016537 7.647968 4.235300
4.698511 1.776976 1.954084
0.895996 6.930179 8.837088
10.015806 1.241670 1.727673
5.702747 10.056114 5.512492
6.561346 0.060694 8.028133
0.346934 7.602059 2.350582
5.744229 5.588054 7.261561
9.220225 9.894282 6.585759
9.059953 4.368330 5.529419
2.193464 2.572400 10.104336
4.924841 7.770910 0.958110
7.173126 7.567093 5.628806
9.662038 7.101387 2.218249
0.326279 6.368114 1.279658
5.095366 7.594712 7.974021
2.468180 1.939510 5.653017
2.645504 6.730473 0.405565
1.840955 5.361586 3.156314
8.274442 2.449876 0.934427
2.425195 0.049418 5.875501
7.581089 7.223571 0.413362
6.606599 4.457698 7.304317
3.431658 3.754373 7.295396
7.279104 1.524442 1.463959
10.063058 4.788040 3.015987
3.903573 9.510483 8.419083
9.001152 3.073695 5.151176
8.960036 3.528815 7.227017
7.796445 3.247719 4.190929
1.042514 0.614838 7.973549
2.476631 1.948414 0.990766
0.705058 6.270464 4.104720
4.474912 6.196306 0.546214
0.701122 5.029199 6.942541
6.639524 9.364033 5.302653
4.956288 2.443607 9.747770
9.973882 10.093897 7.937130
2.767829 4.185629 5.650686
7.158730 4.839494 4.515698
9.375133 2.048603 7.575378
9.084193 6.404714 0.213039
8.655553 3.929143 4.079651
5.841958 5.423859 6.314980
2.235760 1.927730 9.460758
6.911204 7.113161 8.925316
1.831883 3.871802 4.091340
7.100616 3.008937 1.928426
8.069917 5.596204 3.630026
9.843755 1.017194 3.519553
3.120119 7.297869 2.534254
6.216533 8.970221 2.895420
2.616540 7.754406 0.560196
7.809027 6.033470 5.057447
0.887352 4.069035 1.540417
7.606583 9.004573 8.234857
0.491581 0.504286 6.992092
3.538966 2.592928 3.153953
9.647790 8.943158 9.514529
0.086509 3.453727 4.060974
3.569127 5.163637 7.283213
5.387058 5.837538 3.282457
1.491846 3.125179 8.708680
7.141448 7.420725 3.259806
0.316887 3.248211 9.914248
1.638675 8.029889 5.484178
4.708204 3.165041 5.859003
7.748778 7.136805 4.625937
7.551781 8.703034 0.549115
2.232242 0.410501 3.635763
5.333320 1.935473 0.540392
5.030318 7.089063 5.675913
8.467170 7.209467 9.348933
4.102718 3.829689 6.616407
4.915033 7.269178 0.244972
0.844195 4.736586 0.720858
0.809817 7.289212 2.835996
1.710341 1.129147 3.444984
7.417462 9.249220 6.439521
10.135860 6.619401 7.233943
5.264183 6.584659 5.126553
6.365588 10.122540 5.216564
6.612855 2.202889 9.172882
2.900706 9.147488 2.630680
7.808038 4.020482 4.279911
2.659690 5.053499 7.960758
6.347788 5.564718 8.612332
7.387587 0.485463 9.944765
7.292418 8.124614 9.195265
3.003145 8.572178 1.920732
1.560771 6.688967 0.517513
7.486684 5.058155 0.280077
0.962749 3.375942 9.400565
2.620710 9.581467 1.002520
1.418984 7.862622 4.497357
6.290532 5.931749 2.465263
8.429051 8.937482 1.864373
0.405181 2.067145 5.484276
1.050167 7.536798 1.345816
0.284083 8.958846 5.431821
5.599383 5.021296 7.989900
9.142283 9.959098 8.426508
5.484026 7.442193 1.685051
6.579331 3.165437 5.939349
5.223965 8.041326 0.302557
3.959647 7.493123 9.625262
9.246858 0.782284 9.990054
3.397208 0.978297 2.514756
6.716341 5.686201 0.102293
5.196609 3.096308 8.908501
8.962371 6.292868 7.150130
6.158315 3.401871 7.009256
6.688211 1.710388 5.050913
2.579530 1.258689 3.248624
8.019635 5.332263 9.002578
4.681414 3.560340 9.975972
6.343017 0.966819 4.820774
6.080154 8.089635 3.274783
3.374034 7.222390 0.714199
9.879479 1.433149 10.195340
5.762785 2.443596 1.395952
6.002165 9.751993 3.184214
8.281117 9.886267 2.343843
8.569059 5.073473 9.998352
9.303536 8.117417 9.359183
7.709966 1.500232 9.479042
2.975009 7.233743 10.073607
4.159530 0.103174 0.197771
2.917102 9.585657 3.332511
1.050699 1.158534 8.774884
6.760308 0.791023 0.256463
1.161501 9.163793 3.405423
10.189191 5.483081 8.370452
5.227360 4.542916 2.774241
7.449393 2.969107 6.207268
7.920974 2.113207 8.788968
3.302376 2.170862 6.702364
5.415427 0.058319 8.874761
1.744599 8.739283 4.927112
1.478955 9.297922 9.839996
9.664735 9.932762 2.646363
6.917156 9.494886 2.328309
2.680469 8.732707 5.994535
1.433785 9.318961 5.800879
1.434046 0.081621 0.091297
8.537254 2.624281 2.704281
7.504984 4.519191 1.050640
7.381405 6.265077 8.884190
2.155129 1.226662 7.671143
2.569374 4.102420 4.079390
2.597437 7.546055 9.353309
7.763513 9.420802 7.480182
9.324254 2.417243 10.100491
5.418473 9.602309 8.237222
9.834840 4.355927 6.023428
7.452739 0.363916 2.677350
0.562119 9.861143 7.587845
4.457134 0.508232 5.539585
5.090125 9.404332 1.262169
4.528954 0.833592 8.969074
7.368940 2.401831 3.771682
0.244020 2.099620 4.310677
10.162462 8.322526 10.166109
5.374990 4.855971 1.806576
7.039719 8.915263 9.605974
8.936010 9.271764 8.079477
6.585212 6.018456 5.256552
2.600983 6.299946 2.138618
2.600043 5.892775 3.729030
1.915281 4.196592 9.752796
6.581711 2.081070 0.997349
1.201802 2.118025 9.190951
6.554574 3.587653 1.239467
9.078162 4.226662 7.846943
0.276982 9.113125 9.959161
4.640351 5.310023 0.669857
4.443899 8.972538 2.846087
3.631095 8.626100 5.981021
2.938057 2.436310 1.824698
3.629089 3.931445 8.977670
3.423695 6.772714 2.039018
0.658795 9.189605 8.381434
1.083218 2.846946 2.863439
3.522442 7.716199 8.930826
2.924763 2.893151 9.400346
5.675754 0.019299 7.650226
3.835084 3.717322 2.443587
8.085977 9.629365 1.297512
0.729855 3.754673 7.397423
6.183808 9.779434 6.414722
2.134620 8.255380 4.496781
10.194414 1.082427 4.469137
8.982084 5.159144 7.483400
0.254086 6.122978 5.987880
4.117669 8.449651 2.256023
6.239905 6.202536 9.142698
3.649601 5.071815 5.896709
5.331927 7.833656 6.487118
3.013316 3.632884 8.637735
9.222194 4.479279 9.534553
4.562084 8.335049 6.570561
7.588614 5.228357 5.615420
3.034566 1.108365 0.899492
3.580212 0.877160 3.614812
9.665956 0.880824 5.227829
5.086829 3.821197 4.583236
1.390249 5.989720 5.321665
8.578065 1.406482 9.606166
0.092722 7.900927 9.307597
7.906548 8.064107 6.564525
5.077596 5.005798 3.774374
5.005131 6.787896 8.330421
3.019854 5.269601 1.671331
6.190440 0.072567 0.144837
2.185711 7.744686 2.106761
6.886145 9.574041 9.923555
5.284945 1.923742 4.299446
9.227738 2.159868 1.072102
0.897238 1.335472 1.906826
5.649592 8.443877 6.853108
4.919015 5.713587 2.593171
3.108732 4.165534 9.745437
7.327439 0.421589 4.996387
0.260550 7.278313 9.936245
7.631564 1.266813 5.991345
6.020159 4.673494 6.109248
0.176546 2.613473 1.479263
8.102213 4.702269 4.838507
7.058096 9.473023 8.865523
6.956713 8.780998 4.648637
2.258093 6.032686 9.463937
5.894964 3.253344 1.732911
0.446793 1.715395 7.820208
0.156520 4.740786 4.359690
8.566592 10.099755 9.090036
9.751382 3.603589 1.283778
4.929242 3.552144 6.874210
0.875195 5.886262 4.763220
4.563136 3.950278 9.209011
1.953954 5.919955 4.622712
9.495861 4.391897 0.240363
4.738231 5.038629 9.336488
8.358066 7.170784 7.250419
8.599208 7.187782 5.562952
8.117591 3.660627 9.027009
5.543870 9.231002 8.891623
0.888215 4.937007 3.907838
4.027174 4.550591 8.058260
0.185578 2.569876 5.949845
8.323314 8.703802 3.287789
10.094149 5.129237 5.701799
4.050333 3.354997 5.338540
4.314021 0.663528 4.154563
0.700437 2.048074 2.398077
5.244289 7.578276 4.431724
6.394041 7.886100 1.473352
8.359399 6.454739 3.854201
5.997235 4.105107 2.192599
2.577641 2.043147 7.775543
2.460319 9.918888 4.615463
1.309919 5.884171 10.174512
7.900210 3.592389 6.459264
1.838861 3.697732 5.714016
9.346246 0.698277 7.253414
10.127781 9.390920 6.044973
8.910804 0.200645 0.506595
4.437602 3.611121 7.499758
9.142940 6.523167 8.705636
0.478655 9.610649 1.226688
8.238165 8.413948 7.251438
2.154482 0.401528 6.754541
0.374202 5.390727 3.560108
1.797676 4.807777 0.389390
9.562801 7.475961 6.343767
6.030840 1.192054 4.082046
6.631286 2.838367 8.257565
8.940929 6.181094 1.638729
8.253255 0.753117 0.961117
8.878196 2.086674 1.962176
0.147940 6.480818 3.523524
8.548996 9.448727 6.338060
5.571484 5.280044 5.483052
5.079428 9.725942 0.465511
5.204592 1.512761 7.671567
10.155146 5.419024 7.260578
4.766818 5.773888 9.540818
7.296914 2.914131 1.092265
5.904347 2.364736 7.719810
8.085304 8.281225 5.517124
8.396321 6.452858 8.961502
7.178133 5.916668 4.510611
2.232331 5.813947 6.429206
2.748364 2.894462 5.808841
1.275068 0.048119 5.461632
2.910670 1.243410 7.018578
4.966860 1.118521 4.672131
8.891870 5.801617 8.209652
9.179402 9.036796 5.174284
6.920746 7.571896 6.827014
4.156178 5.503731 1.666008
3.624664 4.415030 1.703523
4.583738 9.352425 3.749595
9.010805 5.972289 3.917385
7.211093 1.894211 0.570957
8.447559 8.244352 1.406079
6.290571 1.522057 6.328609
0.649233 8.591216 1.690989
