3.000000 3000
789.996830
816.212673
841.150633
864.967831
887.896614
908.312504
922.881339
929.317679
928.472057
923.276367
916.562741
909.948224
903.529740
896.041281
885.674786
871.036335
851.500526
826.990408
797.717220
764.224844
727.582384
689.508506
652.380963
619.118148
592.844186
576.306974
571.300309
578.364282
596.792838
624.748262
659.367723
697.043347
734.150320
768.234312
799.190226
829.765725
865.033784
910.612277
968.482025
1029.248399
1067.543344
1058.062497
1003.821931
932.004478
864.892905
809.415530
764.549433
728.633309
701.665405
684.755842
678.903308
684.017528
698.379620
718.621575
740.368666
759.445607
773.066722
780.316617
781.777218
778.866251
773.421230
767.585388
763.666969
763.759080
769.208623
780.317427
796.547447
817.212940
842.273883
872.728639
910.175788
955.278015
1005.204185
1051.294897
1080.035543
1079.760861
1049.023433
997.748304
939.908680
886.136421
841.824876
808.944625
788.166966
779.896109
784.437779
801.779265
831.104631
869.815959
912.101417
948.313228
967.551000
963.664177
939.556847
904.812728
869.393828
839.389832
816.511875
799.549533
786.081225
773.820700
761.548251
749.652656
740.140224
735.782052
738.349947
746.900957
758.158054
769.985890
784.960338
809.535828
849.454323
906.328964
977.468445
1056.649846
1134.062917
1198.126854
1241.154446
1262.559260
1265.081190
1251.039515
1223.007739
1184.439789
1137.977780
1084.503568
1024.777850
961.611045
899.993733
845.303338
801.535427
770.812499
753.962024
751.355552
763.337809
789.952044
829.933550
879.348276
930.906489
975.457348
1005.965099
1021.232614
1025.727764
1025.995933
1027.427489
1033.210344
1044.419271
1060.224228
1078.379711
1096.330393
1112.565411
1127.406603
1142.725816
1160.727860
1182.423279
1206.630887
1230.129186
1248.781712
1258.622766
1256.299782
1239.499637
1207.585679
1161.509902
1103.140428
1035.454735
963.393324
893.424939
831.368710
780.342647
740.456473
709.991303
686.989577
670.505369
661.198352
661.083822
672.281423
694.917436
725.283290
756.473336
782.453482
801.784593
815.987539
824.591414
823.604537
809.120016
781.494532
745.822161
709.402461
679.220293
660.653679
656.849520
668.267501
692.549406
725.076128
760.160327
792.331036
817.129302
831.300000
832.608266
819.763940
793.148558
756.111764
715.002869
676.968411
647.270614
628.138452
619.279424
619.158639
626.305038
640.018530
659.775637
683.109426
703.594419
712.746950
707.275760
694.555069
688.573627
700.870098
734.453852
781.033467
821.452600
835.323681
817.489970
781.135325
743.180550
712.873123
692.095051
679.772843
674.723123
676.400004
684.529852
698.441851
716.759481
737.794097
760.337723
784.196288
810.155209
839.610727
874.189673
915.360930
963.905175
1019.299206
1079.225558
1139.452687
1194.216312
1237.137420
1262.576328
1267.106304
1250.509153
1215.808738
1168.329293
1114.204021
1058.910700
1006.333908
958.563793
916.184846
878.644059
844.577241
812.467650
781.786709
753.810601
731.047439
715.745637
709.178291
712.244100
725.866323
749.976186
781.927877
816.156597
845.787754
865.304792
872.554098
868.805656
857.004596
839.511937
817.046367
789.813738
759.658148
730.738153
708.047833
695.500111
695.064491
706.886772
729.627402
760.636664
796.058159
831.139615
860.822090
880.433511
886.480195
877.842650
857.091779
830.560816
806.338040
791.251168
788.686189
797.925331
814.681232
832.508360
845.027796
848.407358
842.685127
830.941518
817.072528
804.006844
793.387670
786.215699
783.264768
784.520295
788.160143
790.596062
788.583370
781.949800
773.802299
767.613801
764.335334
762.173046
758.440718
751.306044
740.263117
725.809611
709.205882
692.494241
678.310294
669.170586
666.557946
670.453235
679.737226
693.178657
710.191181
730.639474
753.775571
777.173593
796.517977
806.680776
803.794988
787.201429
759.945440
727.500121
695.739011
669.418268
651.693113
644.447697
648.887036
665.783582
695.104948
735.318512
783.036134
833.296163
880.146799
916.970417
936.664468
932.803067
902.363167
848.301320
779.086212
705.068710
634.688267
572.925467
521.811159
481.640618
451.935505
431.893702
420.456811
416.284897
417.873261
423.875854
433.522563
446.879522
464.779405
488.362462
518.426041
554.818658
596.056939
639.181777
679.795843
712.450701
731.817409
734.685664
721.731055
697.555038
668.781574
641.659198
620.612241
608.028264
604.743576
610.663498
625.176901
647.278575
675.475633
707.615804
740.843528
771.824342
797.297875
814.798381
823.199359
822.791208
814.880255
801.251320
783.830567
764.592379
745.529790
728.496368
714.923909
705.571126
700.481928
699.147401
700.701438
703.994030
707.641981
710.350373
711.482476
711.402833
711.140916
711.611330
713.071880
715.243431
717.928314
721.671917
728.080757
739.714026
759.613668
790.600118
834.421787
890.738088
955.740262
1020.618655
1071.671054
1094.811591
1083.748057
1044.650976
991.878934
939.569849
896.733680
867.136068
851.074825
846.938925
852.161020
863.959575
880.028175
898.735246
918.600549
938.097578
956.906767
977.410876
1003.866432
1039.234240
1082.409712
1127.927892
1167.851591
1193.643935
1196.301891
1167.371818
1105.329111
1021.306142
933.368526
855.517032
793.801361
749.044533
720.212085
706.105944
705.824365
718.696939
743.937243
780.043164
824.008574
870.691759
913.140658
944.760510
962.700643
969.446720
970.582523
970.919852
972.422268
974.595312
976.013818
975.730868
973.878793
971.297257
968.600112
965.576066
961.735946
957.653466
955.560734
958.080591
965.963993
976.890965
986.696020
992.282508
993.617487
992.969769
992.553688
993.022912
993.719717
993.857615
993.392999
992.958333
993.016684
992.913587
990.484423
982.530569
966.053214
939.719129
904.713832
864.430885
823.235781
785.172254
753.165752
728.739750
711.948649
701.428537
694.722006
689.102281
682.858115
676.456545
672.602278
674.348649
681.219156
685.672319
675.688717
645.549503
602.930546
561.776527
531.394430
513.746264
506.685275
507.249856
513.145680
523.066008
536.611899
553.964059
575.316644
600.490921
629.263453
662.216410
701.098094
747.880520
802.969987
863.878949
925.211444
979.740044
1019.965697
1040.245952
1039.309753
1021.317949
993.969521
965.115351
940.384486
922.543915
911.862190
906.749366
904.428396
901.628302
895.266010
883.050410
863.897462
838.093031
807.170272
773.461415
739.442053
707.130425
677.770125
651.839282
629.263293
609.696634
592.801888
578.471127
566.917358
558.576878
553.897299
553.171392
556.560310
564.262909
576.660417
594.276353
617.535391
646.440461
680.328482
717.766672
756.597794
794.284013
828.756702
859.514967
888.011157
916.652750
947.055419
978.827173
1009.658625
1036.630692
1058.005452
1074.285681
1087.750340
1100.957927
1115.317604
1130.261073
1143.048899
1149.445286
1145.278931
1128.031917
1097.672535
1056.907549
1011.105660
967.503236
933.033278
910.580391
895.302779
875.821491
843.388845
800.607342
758.059486
724.304398
701.480368
687.302487
678.322022
671.871398
666.776171
663.469976
663.763424
670.278849
685.547673
710.818740
744.888303
783.675538
821.459653
853.580459
878.484262
897.131378
910.659132
918.739756
919.699502
911.723529
894.077792
867.705979
835.092217
799.533852
764.124385
730.884993
700.485845
672.811241
648.020559
627.307201
612.770468
606.595755
610.117574
623.134393
643.668388
668.401333
694.040382
719.489915
748.090014
788.832176
855.383596
960.104688
1096.700095
1217.067663
1257.109931
1218.320142
1155.191274
1097.902035
1044.766130
987.776205
924.782943
859.434378
797.644098
744.762479
704.401651
678.453338
667.426176
670.492874
685.043929
706.139748
726.796305
740.063167
742.533781
736.923830
731.253990
735.023222
755.193357
794.204583
850.278039
919.253814
996.482478
1076.364694
1148.071493
1192.301538
1190.509893
1143.490780
1072.615517
1000.824411
940.243735
893.764476
860.274283
837.731027
824.091779
817.304658
815.184794
815.528329
816.446438
816.675166
815.590317
812.878313
808.067502
800.194185
787.806501
769.379122
743.996824
712.006997
675.284444
636.943143
600.657274
569.910634
547.434491
534.887281
532.736364
540.370640
556.415338
579.061614
606.174231
635.065254
662.165736
683.084928
693.535870
691.017939
676.117764
652.148478
623.297841
592.874568
562.834302
534.401872
508.842574
487.697063
472.520036
464.513311
464.416945
472.666379
489.608463
515.532801
550.372280
593.066599
640.779721
688.453852
729.392079
757.358486
769.464726
767.820554
758.608109
749.495566
747.279074
756.654195
779.850261
816.610646
864.334514
918.475287
973.381990
1023.515812
1064.573465
1094.199241
1112.218337
1120.176169
1120.274522
1114.577323
1105.059156
1094.051992
1084.428011
1079.316755
1081.428482
1092.084390
1110.297177
1132.522796
1153.505930
1167.893825
1171.862557
1164.044819
1145.277765
1117.378983
1082.046945
1040.644719
994.415040
944.462997
891.783394
838.007442
786.525027
742.679995
712.470272
700.645968
709.370989
737.717901
781.766495
835.207157
890.637147
941.424673
983.323649
1014.705181
1035.175563
1044.005293
1040.339292
1025.108189
1002.080992
976.437325
952.449923
932.355878
916.591931
904.569248
895.426683
888.612494
884.105545
882.132740
882.517746
884.234666
885.665575
885.481104
883.445509
880.502713
878.092582
877.202331
877.648069
877.916883
875.652340
868.607578
855.633363
837.231195
815.437412
793.175720
773.408991
758.426391
749.490593
746.863437
750.084889
758.240275
770.039248
783.785655
797.514361
809.412604
818.267618
823.577246
825.374952
824.163372
821.137108
818.422451
818.875241
825.433972
840.409728
864.805946
897.267068
933.109790
965.353476
988.641422
1002.852721
1011.910903
1018.505532
1020.492787
1013.401449
996.599666
975.479642
957.301888
946.496113
943.657520
947.052113
954.366610
963.739966
974.002220
984.324145
993.726411
1000.963689
1004.888960
1004.761234
1000.341781
992.382298
983.473902
977.876270
979.636968
990.298072
1007.737712
1026.295457
1037.755977
1033.602326
1009.017973
966.547895
915.679842
868.109834
832.588868
812.224609
804.388061
802.550151
799.396515
790.030625
773.652398
752.946642
731.972413
714.062276
700.650558
691.243321
684.285830
678.363892
673.082649
669.271413
668.649367
673.300016
685.182085
705.783796
735.939369
775.677528
823.927918
878.056117
933.590443
984.783959
1026.207391
1054.450261
1068.491573
1068.646730
1055.389994
1029.200493
991.440631
945.417859
896.668167
852.038888
818.078752
799.569686
798.594755
814.014240
841.364221
873.822702
904.730402
930.526415
951.641328
970.640759
989.705033
1009.508894
1029.478015
1048.230092
1063.551900
1072.410491
1071.862163
1060.718860
1040.652939
1015.826580
991.500393
972.572070
962.496083
962.573099
971.694815
986.750627
1003.770811
1019.487987
1032.489570
1043.213861
1052.705294
1060.880952
1065.506826
1063.025451
1051.273689
1031.977854
1010.293346
991.684497
979.148406
972.724746
970.767269
971.458372
973.563765
976.402577
979.568605
982.648782
984.759180
983.970453
977.320050
962.218326
938.625844
909.927491
881.413421
857.769357
841.568629
833.209325
831.558172
834.629089
840.100626
845.802717
850.269650
853.294545
856.170399
861.355516
871.568476
888.622592
912.406318
940.373178
967.747187
988.362149
995.857358
985.381091
956.086629
912.900413
865.053308
821.951017
789.763147
770.573285
763.351332
765.441953
773.911412
786.508907
802.099053
820.453766
841.372422
863.398174
882.753151
893.711698
891.426859
875.834989
852.814455
831.037729
817.505011
814.955110
821.471153
831.480633
837.969456
835.679207
823.782214
806.123876
788.882653
777.468697
774.515265
779.493152
789.531702
800.849634
810.201904
815.762688
817.160328
815.023492
810.615936
805.726911
802.520675
803.163863
809.385925
822.225575
842.011471
868.411228
900.352012
935.791962
971.628062
1004.023585
1029.096021
1043.553482
1045.040993
1032.475019
1006.647395
970.496332
928.042643
882.594082
836.295905
791.565339
752.388558
723.841130
710.481186
715.029993
737.865501
777.206722
829.606048
890.321077
953.460484
1012.528919
1062.054241
1099.644763
1126.399216
1144.561363
1154.175927
1151.653305
1131.598944
1090.582803
1029.808134
954.796572
873.182493
792.728630
720.276412
661.261922
619.450258
596.807967
593.412127
607.323273
634.512897
669.319423
705.923589
740.444441
772.114493
802.419997
832.954703
863.458295
890.536290
907.471616
907.030278
888.027022
860.302318
841.477191
847.360310
880.971716
923.234721
939.557467
913.468462
864.609614
820.528318
791.885450
775.510646
764.908160
756.071098
748.710943
745.087846
748.118978
759.905064
781.029591
810.532789
846.402393
886.256456
927.624062
967.665782
1003.171452
1031.663522
1052.571364
1066.205009
1070.892888
1062.728923
1040.261967
1008.201180
974.264354
943.700322
917.890508
896.378767
878.874327
865.702266
856.967881
851.360388
845.824658
836.913977
823.170791
806.526862
791.434049
782.446976
781.801762
787.931303
795.498564
797.440436
788.428315
767.524314
738.160547
705.997684
676.558097
653.666924
638.829226
631.710188
631.658703
639.298555
656.683322
685.775188
726.524196
775.936089
828.588143
878.290591
920.115089
951.667167
972.961175
985.327091
990.393638
989.684666
984.637890
976.751232
967.762503
959.868008
955.789767
958.417921
969.857250
990.070551
1015.839546
1040.985634
1057.907864
1059.151154
1038.988628
996.525852
937.934645
873.513268
812.159931
758.813455
715.323590
682.110987
659.192641
646.607191
644.581768
653.516170
673.647446
704.313342
743.169046
786.080752
828.157908
865.303733
894.814389
914.626391
922.794645
918.787454
905.499967
889.247553
877.248461
874.805306
883.917260
903.231839
928.809843
955.579128
979.304022
998.200879
1012.988395
1025.230724
1035.622144
1044.106999
1051.340051
1058.912999
1067.530693
1075.455068
1079.177703
1075.637006
1064.031542
1045.990449
1024.470503
1002.704625
983.797894
970.460181
964.447090
965.953208
973.420277
983.946897
994.181901
1001.407220
1004.283737
1002.811626
997.598171
989.214484
978.125321
964.665269
948.596479
928.906405
904.660437
876.382093
846.580721
818.867700
796.394289
780.722918
771.635313
767.635774
766.685964
766.855241
766.839533
766.277385
765.727355
766.237690
768.690148
773.232983
779.116100
785.091225
790.226890
794.479873
798.185665
800.313112
796.687484
780.667636
748.247937
704.073838
660.622187
630.693578
621.509492
633.827565
663.287124
701.676371
738.509784
764.123997
773.698169
769.244580
757.663177
746.838160
742.482380
746.108172
754.127061
759.715683
758.059022
750.888781
745.401895
749.048998
765.487634
793.949364
830.975412
872.407324
914.069819
952.004254
984.258387
1012.899000
1042.329689
1073.375526
1098.248350
1104.132351
1085.520996
1050.725499
1013.720554
983.532539
961.720876
945.133217
929.079664
909.724688
885.917665
860.045396
837.216479
823.155465
822.123105
835.812405
863.265349
901.461982
946.293515
993.388600
1037.993722
1073.785847
1092.169742
1084.552375
1047.870276
988.766810
921.326840
860.164511
814.797966
787.722669
774.989740
768.361893
759.203949
743.185572
722.546557
703.811671
693.482293
695.663522
712.339985
744.233620
790.368951
845.967801
900.367523
939.126478
952.579986
943.328883
922.885971
902.309177
887.515052
880.418392
881.630484
892.275651
914.557604
951.220214
1004.112774
1072.132282
1149.202340
1223.912111
1282.928764
1317.461294
1327.255073
1318.197022
1297.210429
1269.615464
1239.280072
1209.327669
1182.209745
1159.384877
1141.206661
1127.157637
1116.162624
1106.767311
1097.294209
1086.181692
1072.508559
1056.394578
1038.983161
1021.975220
1006.969827
995.008315
986.545345
981.820665
981.290905
985.625880
995.022002
1008.265764
1022.572769
1034.865945
1043.662717
1049.811893
1055.421709
1062.185952
1070.368707
1078.626290
1084.312673
1084.125057
1075.049779
1055.361241
1025.193562
986.369298
941.690845
894.198806
846.688904
801.479829
760.170359
723.341559
690.469237
660.410165
632.427190
607.197841
587.244073
576.602578
579.911650
601.216335
642.855902
704.692701
783.838287
874.969425
970.944289
1062.953269
1140.581588
1193.951640
1217.383683
1209.989536
1173.570019
1112.364774
1033.732332
946.864731
860.446289
781.164196
713.317320
658.970459
618.291787
590.060189
572.370591
563.449380
562.378121
569.443185
585.967978
613.670622
653.820206
706.552017
770.630612
843.693285
922.384876
1001.403583
1071.809903
1122.190294
1145.403084
1144.638364
1129.827516
1108.650891
1083.093067
1053.537963
1023.748523
1000.758778
990.808876
996.311358
1015.927135
1046.346001
1083.750365
1123.983209
1162.004038
1192.254911
1210.659053
1216.628124
1213.093978
1204.763828
1196.176235
1190.321869
1187.723966
1185.942523
1179.925497
1163.730943
1133.310501
1088.898663
1035.333361
980.186667
931.190298
894.301755
872.461931
864.618577
865.522423
867.835152
866.585934
862.322859
859.748153
864.057950
878.845713
905.892739
945.275347
995.136995
1051.484155
1108.403451
1158.796049
1195.761181
1214.606672
1214.499785
1198.467664
1171.881837
1140.439134
1108.232250
1076.646033
1044.829848
1011.423796
976.189474
940.534317
907.174051
879.548354
860.933998
853.113522
855.106445
862.667378
868.903710
866.160661
848.952580
816.679544
774.158053
729.388483
690.322078
662.639493
648.959794
648.840182
659.262566
675.935466
695.430272
716.912142
741.950133
772.570226
809.247545
850.081181
891.149751
927.520401
954.524825
969.057947
970.427185
960.263235
941.493868
917.051084
889.047932
858.795301
827.481691
796.896201
769.581869
748.295400
735.183929
731.178449
735.787092
747.127016
762.049016
776.412165
785.773551
786.654632
778.014042
762.155018
744.399290
731.653337
730.574913
745.989024
779.769680
830.218438
892.226322
958.581364
1022.088050
1077.159471
1119.732412
1146.209732
1153.484221
1140.945724
1112.667763
1077.107464
1044.045089
1021.029973
1011.399561
1014.023210
1023.904327
1033.362213
1034.532208
1023.082786
1000.387597
971.828396
943.153838
918.313490
899.356442
886.730615
878.831783
871.376834
858.468304
836.149035
805.722901
773.102085
744.874316
725.052117
714.354841
711.079200
712.246012
714.489648
714.668325
710.297222
699.919911
683.439367
662.300208
639.382175
618.544407
603.880414
598.777219
604.939986
621.626412
645.648876
672.553289
698.469085
721.126799
739.344835
752.464290
761.086212
767.729668
775.559113
786.271826
799.434329
813.444367
826.622754
837.536511
844.948037
848.036131
846.831231
842.313281
835.911075
828.785029
821.501505
814.345651
808.056907
804.482336
806.617265
817.696766
839.269417
868.906795
899.496720
922.497852
933.805630
935.795679
932.471999
923.636982
905.014016
874.070806
834.679567
795.221349
763.023196
741.087069
728.618371
723.422440
724.254896
732.137465
750.252164
782.497142
831.118787
894.100515
963.795351
1029.238007
1082.646071
1124.704963
1161.336482
1193.609711
1211.910726
1202.386829
1160.430349
1096.825813
1030.722212
978.379533
946.279915
929.315450
913.949195
887.113858
845.356937
795.157594
745.434196
701.557561
664.748256
634.136409
608.611100
587.627253
571.184168
559.475514
552.557143
550.284588
552.571076
559.773602
572.983862
593.997438
624.854626
666.960540
719.785688
779.373723
837.340860
881.805763
901.634292
892.589870
860.193922
815.975868
770.945171
731.871297
701.401577
680.014226
667.939135
666.064135
675.370222
695.067498
720.768522
745.354488
763.721681
777.220101
791.998024
812.997565
840.188638
869.404629
895.472978
914.870727
926.776922
932.840193
936.214896
940.240910
947.286863
958.232659
972.699354
989.759455
1008.678941
1029.176431
1050.899506
1072.340622
1089.979132
1098.731073
1094.284897
1076.153313
1048.749402
1019.114852
993.143098
973.112944
957.621733
943.373791
927.599392
909.760090
891.611481
875.840635
864.465505
857.994893
855.455794
854.869526
853.811011
849.978355
841.723151
828.446256
810.677557
789.812838
767.699079
746.276271
727.376035
712.554856
702.850039
698.521333
698.943913
702.777576
708.378579
714.237829
719.244549
722.765833
724.778320
726.147146
728.814082
735.508318
748.853933
770.301226
799.466099
834.027252
869.598213
899.565389
916.845666
918.741175
910.258336
900.706285
897.109641
900.997965
909.354901
917.116221
919.683877
915.021742
904.685145
893.191208
886.092142
887.850499
900.350949
922.382785
950.268557
979.660865
1007.851133
1035.070121
1063.148743
1091.166007
1110.838068
1108.341382
1075.987613
1022.174352
965.905135
923.632776
902.834415
903.133799
919.491351
944.690005
971.035992
991.716368
1001.906987
999.477609
985.003255
960.966428
930.552127
896.794879
862.404682
829.929712
801.756226
779.715953
764.421862
754.715238
747.792896
740.411318
730.809255
720.035173
711.530193
709.227709
715.446399
729.550608
747.702108
763.789782
771.607468
767.684603
753.028235
732.231936
710.728536
692.554126
679.897880
673.841315
675.243198
685.285775
705.704656
738.596341
785.567505
846.155591
915.861625
984.946017
1040.132845
1070.193659
1071.739090
1049.718526
1013.023683
970.194433
927.553742
888.911947
855.880064
828.582592
806.583246
789.611240
777.807935
771.683742
772.101820
780.149835
796.361816
819.208361
843.958266
863.648571
872.351210
867.899731
851.227446
823.710835
786.073160
739.649082
687.822179
635.786880
588.810398
550.492907
522.133972
503.187442
492.176229
487.519633
488.084184
493.451973
503.989515
520.801293
545.645908
580.779993
628.526116
690.245784
764.648841
845.953913
922.669230
978.322816
997.692628
978.034315
932.013570
876.501546
822.207576
772.986637
729.346493
690.864229
656.889467
626.544465
598.836237
573.127530
549.633086
529.381309
513.416052
501.792654
493.425426
487.217582
483.529224
484.476468
492.840850
510.816653
539.550280
579.224525
628.841079
685.347001
742.971016
794.592458
835.349847
865.130676
886.973619
903.581915
915.754062
923.195239
925.991670
925.464669
924.082514
924.711544
929.680280
939.991710
954.821951
971.404767
985.479606
992.424149
988.823090
973.743862
948.989214
918.308107
886.240509
857.225796
835.102728
822.778356
821.948389
832.928159
854.714189
885.222566
921.470912
959.520293
994.485320
1021.402288
1037.231517
1042.573216
1041.092407
1036.743090
1031.138718
1022.987572
1009.627661
989.340135
962.814821
932.933858
903.421316
877.596099
857.968390
846.422690
844.302311
852.129556
869.283375
894.135382
924.678858
959.111723
995.870633
1033.195355
1068.830549
1100.267091
1125.411515
1143.251170
1154.143641
1159.682985
1162.303301
1164.711734
1168.877719
1174.397737
1177.075376
1169.639329
1145.673812
1104.377244
1051.345368
993.795100
934.649484
871.808733
803.934922
735.820375
676.502346
633.439894
609.501191
603.580274
612.227285
630.851165
654.573882
679.051986
701.226931
719.619519
734.078639
745.244449
754.154359
762.108562
770.581233
780.826716
793.194307
806.672192
819.199639
828.712122
834.232836
836.260072
836.322222
836.159081
837.042720
839.355289
842.386141
844.344212
842.676566
834.850332
819.632867
798.465392
775.915814
758.517707
752.684936
763.033697
791.669871
838.118422
899.625490
971.971631
1050.717549
1131.594510
1207.653687
1264.285443
1282.513430
1255.940160
1199.169067
1133.802944
1074.268198
1026.263639
990.240105
964.330490
946.184479
933.717530
924.687095
915.727321
902.335545
880.941180
851.398617
816.667721
779.935146
742.838393
706.492864
673.599670
649.441620
641.028037
654.198210
687.999066
728.294243
751.159211
743.495774
716.674895
691.139566
677.865658
677.749950
689.108767
712.439331
750.216782
802.544848
860.876665
907.066879
926.626626
924.782808
920.750546
929.031872
952.155854
984.740951
1018.269861
1042.835424
1048.470583
1029.456444
989.126346
938.287263
887.812822
843.370510
805.768540
774.141722
748.689897
731.520766
725.749072
734.025412
757.633048
796.156709
846.934611
903.905155
956.962008
994.405005
1009.164412
1003.386231
985.507447
963.166279
939.266084
913.043904
883.573941
852.636913
825.041380
806.668678
802.103452
812.980518
836.783556
865.874808
888.244771
892.216759
873.329413
836.820902
793.191389
752.099911
719.366878
697.070987
684.905310
681.524914
685.423855
695.307889
710.138512
729.072559
751.430435
776.719717
804.667364
835.204261
868.349990
904.080400
942.297460
982.779938
1024.597764
1064.712741
1097.254179
1116.248020
1120.882471
1116.887876
1111.557559
1108.338303
1105.812723
1099.828839
1085.664095
1058.682673
1014.729526
952.595509
877.308668
799.633663
731.258385
680.344966
650.308065
640.743290
648.759137
670.105807
700.205232
735.044701
771.560669
807.200262
839.070362
863.789288
878.549867
882.428369
876.643519
863.977527
848.530641
835.905114
832.723660
844.832464
874.720118
919.423144
970.269269
1015.361248
1044.131512
1051.342181
1038.083551
1009.978970
974.536787
939.009363
909.105532
888.476930
878.737589
879.678333
889.428583
904.617254
920.912359
934.290342
942.601632
946.092053
946.220264
943.897586
938.673757
929.187891
914.248758
893.770652
869.128362
842.867907
817.976872
797.095206
781.900748
772.792551
768.998571
769.180948
772.225586
777.525980
784.416859
791.546418
797.398692
801.508448
804.482399
806.364144
805.328647
798.473044
784.100650
763.482414
740.688864
720.793291
707.779728
703.204970
705.893352
712.570326
719.252105
722.864211
722.225315
717.854424
711.009173
702.800676
693.866284
684.567916
675.416523
667.422079
662.175219
661.634055
667.756237
682.134391
705.668118
738.270395
778.567555
823.700792
869.497466
911.310689
945.415077
970.199243
986.247934
995.251603
998.635894
996.899277
989.936879
977.913496
961.998731
944.579018
929.031569
919.362275
919.872816
934.679916
966.759417
1015.883821
1075.038088
1127.164933
1148.589550
1123.702412
1059.107659
978.700824
905.786696
852.574533
821.235111
808.766100
810.527412
821.805305
838.229270
855.739333
870.400965
878.272827
875.637839
859.841168
830.388531
789.467675
741.363981
691.179786
643.647135
602.520307
570.472804
549.272052
540.020644
543.343823
559.450540
588.023947
627.957132
677.071149
732.082638
789.112054
844.746705
897.049701
945.613363
990.372473
1030.020622
1061.382912
1080.417501
1084.269632
1072.990103
1049.890163
1020.526617
991.004008
966.261223
948.806944
938.140838
931.064656
923.048947
910.470919
892.690122
872.567349
855.009406
844.584826
843.699364
852.009160
866.937911
884.738454
901.483215
913.604328
918.146396
913.233598
898.819879
877.030104
851.535964
826.354855
804.951060
789.920474
782.915048
784.493804
794.034455
809.937553
830.000542
851.552319
871.179040
884.785334
889.155532
884.653706
876.308956
871.421792
875.588642
890.005623
910.899529
931.174728
944.595964
950.604511
955.112567
965.896937
987.072495
1016.996304
1049.930028
1079.444685
1100.900592
1111.623717
1110.104107
1096.164842
1071.965365
1042.384750
1014.159884
994.305986
988.633204
1000.806345
1031.979004
1080.799698
1143.645783
1214.994747
1287.804365
1353.647733
1402.734420
1424.865028
1412.575124
1366.097658
1296.059316
1219.183888
1150.069266
1096.430630
1059.503014
1036.580323
1023.404971
1015.889854
1011.161230
1007.843042
1005.607558
1004.327889
1003.358044
1001.364542
996.763981
988.457385
976.378520
961.469703
945.122553
928.554295
912.544769
897.556693
883.944568
872.115448
862.672155
856.530307
854.898856
858.975101
869.260486
884.635390
901.823698
916.169164
924.004789
925.107258
922.873063
921.834248
924.654537
930.711963
936.687762
938.374127
932.503575
917.819489
895.472435
869.008188
843.753431
825.479660
818.821484
826.135815
846.984629
878.083055
913.590797
945.958557
967.583991
973.059848
961.021611
934.461592
899.418807
863.008531
831.864507
811.358702
805.355054
816.093446
843.924979
886.858764
940.270624
997.437935
1051.288921
1096.668759
1131.734216
1157.858452
1178.669375
1198.887601
1223.023517
1253.807312
1290.609128
1328.621460
1359.639430
1374.661364
1367.541659
1337.917474
1291.412184
1236.823541
1182.331656
1133.044299
1090.561159
1053.922378
1021.064855
990.125889
960.231141
931.687164
905.701476
883.833429
867.434289
857.294052
853.714022
857.119547
868.971423
892.294016
930.990937
987.662590
1060.460639
1140.618656
1213.435035
1264.240870
1285.337196
1277.324445
1245.179575
1194.736404
1131.705557
1061.685682
990.027321
921.522437
860.038653
808.186057
767.195226
737.098688
717.123598
706.136941
703.036893
707.056544
717.945502
735.952501
761.468648
794.206053
831.863029
868.689586
895.413247
902.832200
888.498067
860.009058
830.285433
809.924711
803.454104
809.834076
824.514277
841.569862
855.689578
863.856404
866.245452
865.892045
867.270625
874.553479
890.354134
915.213315
947.587969
984.020206
1019.434706
1047.791917
1063.363063
1062.422080
1044.414339
1011.672410
967.927773
916.941882
862.219478
807.386341
756.269534
712.390596
678.235731
654.688221
640.808721
634.247045
632.517407
634.662360
642.003691
657.176891
682.089948
716.155499
755.594617
794.034874
824.362584
841.413295
844.536054
838.940442
834.320603
839.040896
851.069160
854.344481
832.429891
788.692556
742.978434
711.480966
698.298184
699.676237
709.533501
722.293291
733.997547
742.829392
749.172007
754.984520
762.630390
773.756910
788.836735
807.587436
829.810147
855.360070
881.550651
898.986064
893.214926
857.802277
804.176303
751.883391
713.515431
691.309043
681.726055
680.007449
682.432476
686.952832
693.164089
702.088730
715.774612
736.385120
764.752503
799.302825
836.858171
875.271920
914.920700
956.815516
999.963827
1041.748402
1080.390222
1115.807913
1148.184945
1176.549047
1198.653069
1211.564155
1212.482688
1199.967294
1175.177865
1141.941679
1105.371058
1070.316318
1040.731829
1019.775188
1009.827303
1011.901502
1024.560070
1043.043176
1059.602918
1065.704390
1055.494442
1028.502787
989.662780
946.859032
907.971383
878.948695
862.798734
858.720644
861.574659
863.607037
859.651626
852.084731
849.528412
859.614462
881.428503
902.521838
905.336209
881.861868
840.470573
796.118027
758.891059
732.056877
715.215928
706.840950
705.089872
707.894565
713.257039
719.778598
726.824953
734.111268
741.289846
748.035772
754.329107
760.398779
766.351376
771.990177
777.063030
781.719589
786.862986
794.219398
806.148435
825.265409
853.949070
893.798873
944.825291
1003.839316
1061.955413
1103.955956
1114.806909
1091.331125
1045.160128
992.749388
945.856673
910.029701
887.027248
876.850306
878.545313
890.335413
909.651171
933.459536
959.032016
984.855438
1010.920834
1037.867607
1065.462468
1091.640311
1112.850984
1125.501447
1127.621715
1119.904414
1105.665241
1089.691488
1076.393639
1068.112561
1064.523041
1063.452754
1062.495363
1060.304429
1056.701962
1051.699821
1044.559688
1034.008249
1019.522472
1002.580120
986.854692
977.025546
976.773287
987.031648
1005.408794
1027.032346
1046.394346
1059.186388
1062.962138
1056.412113
1038.329853
1007.678042
964.992079
913.767455
860.225775
811.352905
772.733795
747.471008
736.182488
737.409038
747.995692
763.486327
778.836452
789.598303
793.226923
789.809503
781.855763
773.418391
769.087060
773.112593
788.603237
816.639829
855.412527
899.859898
942.579370
976.164848
995.818226
1000.734243
994.006230
981.463110
969.505385
962.620290
961.998686
965.908802
971.310958
975.790057
979.142356
984.203878
996.529064
1022.623725
1066.864720
1127.984693
1196.859543
1258.097308
1296.779293
1306.832582
1293.800150
1269.533746
1243.978550
1220.179278
1195.363962
1166.863712
1136.729487
1110.104335
1090.599561
1078.456387
1072.015349
1069.662458
1070.482039
1073.847122
1079.046023
1085.542614
1093.578369
1104.351803
1119.362168
1139.311549
1163.269153
1188.165808
1208.144235
1214.783144
1200.770746
1165.841005
1118.283485
1069.576472
1028.123745
997.093569
975.562572
960.522833
948.664258
937.792973
927.635619
919.693729
916.288170
919.551183
930.934741
951.122895
979.799347
1014.935915
1052.025897
1084.432180
1105.439030
1110.404550
1096.929114
1064.203742
1014.164298
953.157155
890.726512
835.954851
794.698436
769.257745
759.534864
764.339326
782.196021
811.587476
850.830813
897.927239
950.765615
1007.816088
1068.744739
1133.863965
1201.914538
1267.504126
1321.212032
1353.840771
1361.298630
1345.685277
1312.758756
1268.175805
1215.282079
1156.011023
1092.871032
1029.300735
968.429728
912.026389
860.549302
813.778971
771.187171
731.938336
694.987535
659.554268
625.781825
595.119743
570.179899
554.129278
549.923443
559.630591
583.973500
622.093192
671.542747
728.572143
788.752031
847.811046
902.437746
950.884068
993.250507
1031.013993
1065.358979
1094.754167
1113.640134
1114.690774
1094.631647
1058.090621
1014.450002
971.342358
931.405122
893.390033
854.827597
813.955799
770.287985
724.319254
677.119082
630.122727
585.005752
543.458112
506.857708
475.975428
450.846853
430.896049
415.309359
403.521252
395.628974
392.511544
395.447903
405.338469
421.929913
443.564234
467.665810
491.603670
513.302370
531.363542
544.973927
553.948390
558.930533
561.617245
564.848080
572.433783
588.648361
617.327319
660.387890
715.567649
774.290144
823.152162
851.891113
861.547864
862.083851
862.519825
865.402347
868.376621
868.264984
863.828977
856.050427
846.837856
838.095015
832.041732
831.680202
839.819647
856.724338
878.153825
895.971473
902.430879
895.850980
882.531766
873.014759
876.468783
897.024835
932.426254
974.331272
1010.939720
1032.446076
1036.226283
1027.107168
1013.139953
1001.631444
997.840684
1005.292616
1025.918416
1058.632669
1096.207401
1124.020150
1127.086247
1102.347889
1060.580885
1015.459812
974.947113
941.190849
913.694852
891.573962
874.382248
862.190653
855.418217
854.631831
860.360959
872.921919
892.205388
917.398405
946.679990
977.147613
1005.313161
1028.273217
1045.054529
1057.108786
1067.272555
1077.538885
1086.995144
1091.415461
1085.144055
1064.314302
1029.269630
984.502376
936.226645
889.466742
846.726391
809.007429
778.096085
758.157406
755.475611
776.714307
826.472466
903.927367
997.796907
1081.308912
1116.480181
1078.272952
978.767528
854.835907
737.917217
643.372184
575.996220
536.404559
524.005355
537.699792
575.495299
633.500082
704.740804
778.877864
844.334116
892.727513
922.296540
937.076973
943.087967
945.139337
945.730376
945.268521
942.671379
936.136652
924.405813
908.385534
891.840237
880.022973
877.152570
884.690988
901.165636
922.993662
945.641573
